##FastQC	0.10.0
>>Basic Statistics	pass
#Measure	Value	
Filename	Gutierrez_A_Sure.sequence.fastq	
File type	Conventional base calls	
Encoding	Illumina 1.5	
Total Sequences	25147704	
Filtered Sequences	0	
Sequence length	96	
%GC	39	
>>END_MODULE
>>Per base sequence quality	fail
#Base	Mean	Median	Lower Quartile	Upper Quartile	10th Percentile	90th Percentile
1	27.40805852494526	35.0	26.0	37.0	2.0	37.0
2	27.61143502404832	35.0	26.0	37.0	2.0	37.0
3	27.5759040666297	35.0	26.0	37.0	2.0	37.0
4	27.574346787285233	35.0	25.0	37.0	2.0	37.0
5	28.712925442418122	37.0	25.0	39.0	2.0	39.0
6	28.69195311031178	37.0	25.0	39.0	2.0	39.0
7	28.645850173836944	37.0	25.0	39.0	2.0	39.0
8	28.6416257325122	37.0	25.0	39.0	2.0	39.0
9	28.541166621016377	37.0	25.0	39.0	2.0	39.0
10-14	29.29471068213623	38.0	25.0	40.0	2.0	41.0
15-19	29.074243930976756	37.6	24.2	40.0	2.0	41.0
20-24	28.493312924313095	36.8	18.4	40.0	2.0	41.0
25-29	27.667525743105614	36.0	12.8	39.2	2.0	40.0
30-34	26.808520109827917	34.6	9.0	38.2	2.0	40.0
35-39	25.853660946542078	33.6	7.8	38.0	2.0	39.6
40-44	24.700106856673678	32.0	2.0	37.2	2.0	39.0
45-49	23.499156320592927	30.4	2.0	36.2	2.0	38.4
50-54	21.733710083433465	28.4	2.0	34.6	2.0	38.0
55-59	19.571931202944015	25.0	2.0	33.2	2.0	37.0
60-64	17.1407997087925	18.8	2.0	31.2	2.0	35.6
65-69	14.535805296578966	4.4	2.0	28.8	2.0	34.0
70-74	12.172127674160631	2.0	2.0	26.8	2.0	31.6
75-79	9.949105818964627	2.0	2.0	22.2	2.0	30.8
80-84	7.354300344874427	2.0	2.0	3.2	2.0	28.6
85-89	5.163629244244326	2.0	2.0	2.0	2.0	18.6
90-94	3.6605859206868345	2.0	2.0	2.0	2.0	2.0
95-96	2.8317327896017863	2.0	2.0	2.0	2.0	2.0
>>END_MODULE
>>Per sequence quality scores	fail
#Quality	Count
2	5655498.0
3	1769.0
4	2920.0
5	5833.0
6	13744.0
7	32100.0
8	52729.0
9	77287.0
10	112921.0
11	148339.0
12	198290.0
13	253770.0
14	326909.0
15	409950.0
16	492996.0
17	569547.0
18	646912.0
19	724090.0
20	803139.0
21	886081.0
22	973995.0
23	1062457.0
24	1143132.0
25	1218174.0
26	1290073.0
27	1356075.0
28	1390748.0
29	1351939.0
30	1210000.0
31	1003926.0
32	763690.0
33	527902.0
34	301110.0
35	110477.0
36	24483.0
37	4353.0
38	343.0
39	3.0
>>END_MODULE
>>Per base sequence content	warn
#Base	G	A	T	C
1	16.811920483873998	31.918842372249966	30.925825276136543	20.343411867739498
2	19.801202431139885	31.328128209269003	30.876390385815945	17.994278973775163
3	18.96656649052335	30.44898253932049	30.931479867903644	19.652971102252515
4	18.943466966208923	30.18376548411736	31.20826060303557	19.66450694663815
5	19.542440136880888	30.444493063859824	30.669062273040907	19.344004526218377
6	19.568269014852532	30.23697557672975	30.263339819944544	19.93141558847317
7	19.774489154158964	30.49503048071506	30.395084974755548	19.33539539037043
8	18.905209000392244	30.36557134599644	31.106326843993394	19.622892809617927
9	18.889116079941136	30.145893239398713	31.3576897517165	19.60730092894365
10-14	19.1534210213636	30.456247259185716	30.716017998669937	19.674313720780752
15-19	19.323650247285048	30.267313920052885	30.591712585712116	19.81732324694995
20-24	19.66354252033666	30.042547837036622	30.36746510027059	19.92644454235613
25-29	19.79944299970877	29.898457615892895	30.24674156930664	20.0553578150917
30-34	19.965469339983205	29.86701928495194	30.07619834064589	20.091313034418963
35-39	20.067406625022645	29.84448983380932	29.98437729709161	20.103726244076427
40-44	20.126236018220904	29.845396941493753	29.92067084223997	20.10769619804537
45-49	20.19185954567045	29.86464657904559	29.863278471061765	20.080215404222194
50-54	20.26562522510948	29.91408685344864	29.806678596156733	20.01360932528515
55-59	20.33179242588825	29.989827797695618	29.754472084784272	19.923907691631864
60-64	20.406793878993923	30.09253149714431	29.68984588763674	19.810828736225027
65-69	20.478583760284945	30.276065613958274	29.584806838143784	19.660543787612994
70-74	20.31482280606641	30.319782959200143	29.746972753751994	19.618421480981453
75-79	20.101789913515674	30.531866642054002	29.921939120868096	19.44440432356223
80-84	20.051417776495526	30.753365319829797	29.87224271916652	19.32297418450815
85-89	19.99617994603256	30.954721400074074	29.853239051383056	19.19585960251031
90-94	19.85902083925981	31.27080486511477	29.85306238556231	19.01711191006311
95-96	18.884908787721578	32.343373298871256	30.549505331706232	18.222212581700926
>>END_MODULE
>>Per base GC content	pass
#Base	%GC
1	37.15533235161349
2	37.79548140491505
3	38.61953759277586
4	38.60797391284707
5	38.88644466309926
6	39.499684603325704
7	39.10988454452939
8	38.52810181001017
9	38.496417008884784
10-14	38.82773474214435
15-19	39.140973494235
20-24	39.589987062692785
25-29	39.85480081480047
30-34	40.05678237440217
35-39	40.171132869099075
40-44	40.233932216266275
45-49	40.27207494989264
50-54	40.279234550394634
55-59	40.255700117520114
60-64	40.21762261521894
65-69	40.13912754789794
70-74	39.933244287047856
75-79	39.546194237077906
80-84	39.37439196100368
85-89	39.19203954854287
90-94	38.87613274932292
95-96	37.10712136942251
>>END_MODULE
>>Per sequence GC content	pass
#GC Content	Count
0	105.0
1	120.5
2	217.0
3	452.0
4	852.5
5	1430.0
6	2209.5
7	3131.5
8	4131.5
9	5146.0
10	5938.0
11	6671.5
12	7539.5
13	8843.0
14	11238.0
15	15515.0
16	22665.0
17	34539.0
18	52370.5
19	77053.0
20	109837.0
21	151956.5
22	203789.0
23	265726.5
24	336420.0
25	373351.0
26	413266.5
27	496709.0
28	582853.5
29	667655.5
30	749653.0
31	826867.5
32	900452.0
33	967391.5
34	1022121.0
35	1065305.0
36	1096094.0
37	1110681.5
38	1107958.5
39	1088453.0
40	1053589.0
41	1005593.5
42	947879.5
43	887462.5
44	827044.5
45	766695.5
46	708496.0
47	650484.5
48	594993.0
49	542305.0
50	515758.0
51	490406.5
52	441425.0
53	396784.0
54	357093.0
55	320065.5
56	284852.0
57	251124.0
58	218501.0
59	188035.0
60	159201.5
61	132979.5
62	109877.5
63	88887.5
64	71181.5
65	56337.5
66	43667.5
67	33608.0
68	25489.0
69	19005.0
70	14020.5
71	10228.0
72	7359.0
73	5337.5
74	3868.0
75	3233.0
76	2817.5
77	2095.0
78	1543.0
79	1147.5
80	866.5
81	623.5
82	454.0
83	327.5
84	222.5
85	161.0
86	105.5
87	64.0
88	40.5
89	25.5
90	15.5
91	6.5
92	2.0
93	0.5
94	0.5
95	0.0
96	0.5
97	1.5
98	1.0
99	0.0
100	0.0
>>END_MODULE
>>Per base N content	pass
#Base	N-Count
1	0.0
2	0.003248805537078057
3	0.0
4	0.0
5	0.0
6	2.783554315733953E-5
7	0.0
8	0.0
9	0.0
10-14	2.704024192427269E-4
15-19	1.9882530826671095E-5
20-24	0.010319033499042299
25-29	0.0685247448435054
30-34	0.19148785909043625
35-39	0.18558274743491493
40-44	0.17886086141303395
45-49	0.1301407078753591
50-54	0.13887311541443306
55-59	0.17260343131126404
60-64	0.16410722823841095
65-69	0.1824198344310081
70-74	0.1799496288011025
75-79	0.17105418450924983
80-84	0.1580017006721568
85-89	0.1557128237233904
90-94	0.17313628313741883
95-96	0.18024309495610413
>>END_MODULE
>>Sequence Length Distribution	pass
#Length	Count
96	2.5147704E7
>>END_MODULE
>>Sequence Duplication Levels	pass
#Total Duplicate Percentage	15.137032335150483
#Duplication Level	Relative count
1	100.0
2	12.138918221283586
3	2.453361492432242
4	0.8729320661738824
5	0.4358793851930072
6	0.24697876334623958
7	0.1824474950134929
8	0.14431538190777896
9	0.12495600140795494
10++	0.7297899800539716
>>END_MODULE
>>Overrepresented sequences	pass
>>END_MODULE
>>Kmer Content	warn
#Sequence	Count	Obs/Exp Overall	Obs/Exp Max	Max Obs/Exp Position
GGGGG	2369290	3.2958736	5.3652015	85-89
GGAGG	3418210	3.1178465	3.7799892	65-69
CTGGG	3288045	3.0532882	3.3714018	60-64
>>END_MODULE
