##FastQC	0.10.0
>>Basic Statistics	pass
#Measure	Value	
Filename	Gutierrez_B_Illumina.sequence.fastq	
File type	Conventional base calls	
Encoding	Illumina 1.5	
Total Sequences	70336905	
Filtered Sequences	0	
Sequence length	96	
%GC	43	
>>END_MODULE
>>Per base sequence quality	fail
#Base	Mean	Median	Lower Quartile	Upper Quartile	10th Percentile	90th Percentile
1	31.822180816741938	33.0	28.0	35.0	19.0	37.0
2	33.538192375681014	35.0	33.0	37.0	28.0	37.0
3	34.233599985668974	35.0	35.0	37.0	30.0	37.0
4	34.69868030161407	36.0	35.0	37.0	32.0	37.0
5	36.521740329632074	39.0	36.0	39.0	32.0	39.0
6	36.60166460267195	39.0	37.0	39.0	32.0	39.0
7	36.63585230257146	39.0	37.0	39.0	32.0	39.0
8	36.627492395350636	39.0	37.0	39.0	32.0	39.0
9	36.603429451438046	39.0	37.0	39.0	32.0	39.0
10-14	37.70341921356932	40.0	37.0	41.0	32.0	41.0
15-19	37.50099493004419	40.0	37.0	41.0	32.0	41.0
20-24	36.96711672201102	39.2	36.0	40.6	30.6	41.0
25-29	36.405453822570095	39.0	35.8	40.0	29.8	41.0
30-34	36.28414102383379	39.0	35.6	40.8	29.4	41.0
35-39	35.82641225968075	39.0	35.0	40.2	27.2	41.0
40-44	35.20628444768788	38.6	34.4	40.0	25.0	41.0
45-49	34.49546918506011	38.0	33.2	40.0	23.6	41.0
50-54	33.608380908997916	38.0	32.6	40.0	19.4	41.0
55-59	32.60071308227167	37.2	31.2	40.0	11.4	41.0
60-64	31.28497687806991	35.8	29.4	39.4	4.2	40.6
65-69	29.92788826576887	34.6	27.8	38.6	2.0	40.0
70-74	28.41395781346933	33.4	26.0	36.6	2.0	39.4
75-79	27.807872956593695	33.8	25.8	36.0	2.0	38.8
80-84	26.362259206600005	32.8	22.4	35.0	2.0	36.8
85-89	24.740124999813396	31.8	11.6	34.8	2.0	35.8
90-94	22.792204996793647	31.0	2.0	34.0	2.0	35.0
95-96	20.60809616942912	28.0	2.0	33.5	2.0	34.5
>>END_MODULE
>>Per sequence quality scores	pass
#Quality	Count
2	248303.0
3	19391.0
4	39598.0
5	64899.0
6	106107.0
7	154025.0
8	204689.0
9	268828.0
10	332034.0
11	386680.0
12	443286.0
13	498204.0
14	556006.0
15	609042.0
16	655766.0
17	696026.0
18	732139.0
19	765263.0
20	797179.0
21	826834.0
22	876139.0
23	944039.0
24	1033478.0
25	1157602.0
26	1304592.0
27	1468803.0
28	1670340.0
29	1906925.0
30	2178730.0
31	2502734.0
32	2900423.0
33	3423913.0
34	4157031.0
35	5238544.0
36	6944952.0
37	9523983.0
38	1.0744865E7
39	3925197.0
40	30316.0
>>END_MODULE
>>Per base sequence content	warn
#Base	G	A	T	C
1	17.48782173056926	30.17617220153021	29.261687679479316	23.074318388421215
2	20.74311772692699	28.966927555394424	30.00075209883915	20.289202618839436
3	20.202632753448327	28.580420828362957	29.729761007851607	21.487185410337112
4	20.585267184290647	28.439074960098115	29.866324363650882	21.109333491960356
5	21.06298677770937	28.76844524222384	29.36634900270349	20.802218977363307
6	20.963479982521267	28.532182358606768	29.309529613223667	21.194808045648298
7	20.97900526046746	28.717348310961366	29.33042049547105	20.973225933100125
8	20.528143795920506	28.518624753250087	29.691255252132574	21.26197619869683
9	20.547596667568897	28.251492765999654	29.966615805722853	21.2342947607086
10-14	20.727882553484456	28.67736337433897	29.375994903881054	21.218759168295524
15-19	20.958449802802136	28.508698529867786	29.171437366416153	21.361414300913925
20-24	21.23834900734157	28.470467092292534	28.832166902290375	21.45901699807552
25-29	21.39333000312878	28.405305321862517	28.733162955683433	21.46820171932527
30-34	21.501968766242342	28.36747751529021	28.572261710869963	21.558292007597483
35-39	21.579549527096148	28.397831820666575	28.47773776357855	21.544880888658728
40-44	21.56936011209715	28.4427917709026	28.472380646992296	21.515467470007955
45-49	21.684147737656126	28.4589637231365	28.38029192966316	21.476596609544217
50-54	21.742607498006965	28.45708588852858	28.260913463029187	21.539393150435266
55-59	21.834131916698055	28.481464025069787	28.209825486264865	21.474578571967292
60-64	21.925025701486874	28.52852909475761	28.049982596040895	21.496462607714626
65-69	22.000635918882192	28.662211501142103	27.860364140439327	21.476788439536378
70-74	22.061038031839562	28.6353155182614	27.814272604468503	21.48937384543053
75-79	22.13835641467553	28.588259015031248	27.737062287017867	21.536322283275354
80-84	22.25809698241732	28.573267633311122	27.601420915520077	21.567214468751477
85-89	22.35789307982417	28.564129876261507	27.43596561833992	21.642011425574406
90-94	22.483552073045047	28.483665101959403	27.2713916423738	21.761391182621747
95-96	22.98337428590591	28.26443683692078	26.90465606340649	21.84753281376682
>>END_MODULE
>>Per base GC content	pass
#Base	%GC
1	40.56214011899048
2	41.03232034576642
3	41.68981816378544
4	41.69460067625101
5	41.86520575507268
6	42.158288028169565
7	41.952231193567584
8	41.790119994617335
9	41.7818914282775
10-14	41.946641721779976
15-19	42.31986410371606
20-24	42.69736600541709
25-29	42.861531722454046
30-34	43.06026077383983
35-39	43.12443041575488
40-44	43.084827582105106
45-49	43.16074434720034
50-54	43.282000648442235
55-59	43.30871048866535
60-64	43.4214883092015
65-69	43.477424358418574
70-74	43.55041187727009
75-79	43.67467869795089
80-84	43.8253114511688
85-89	43.999904505398575
90-94	44.24494325566679
95-96	44.83090709967273
>>END_MODULE
>>Per sequence GC content	warn
#GC Content	Count
0	83.0
1	96.0
2	173.0
3	389.5
4	769.5
5	1342.0
6	2117.0
7	2992.5
8	3975.5
9	5055.0
10	6082.0
11	7204.5
12	8818.5
13	11133.0
14	15066.0
15	22023.5
16	33987.5
17	53307.0
18	83903.5
19	129268.5
20	190947.5
21	273305.0
22	379567.0
23	508802.0
24	660885.5
25	742831.0
26	833027.5
27	1018213.5
28	1210972.0
29	1408669.5
30	1604965.5
31	1788675.0
32	1962830.5
33	2130397.5
34	2281032.5
35	2412043.5
36	2522446.5
37	2605392.0
38	2651307.5
39	2658015.0
40	2628383.0
41	2567523.5
42	2489174.0
43	2403292.0
44	2310516.5
45	2211788.0
46	2109561.0
47	2004432.5
48	1893292.0
49	1781372.0
50	1727442.0
51	1675285.5
52	1573283.0
53	1478101.5
54	1389250.0
55	1304019.0
56	1224769.5
57	1149925.5
58	1075156.5
59	998969.0
60	918199.5
61	833800.0
62	749969.5
63	664924.0
64	580623.0
65	502463.5
66	430099.5
67	364948.5
68	306841.5
69	255029.5
70	209872.5
71	169769.0
72	135632.5
73	107466.5
74	84605.5
75	74644.0
76	66514.5
77	51831.5
78	39923.0
79	30299.5
80	22756.0
81	16757.5
82	12034.0
83	8489.5
84	5823.0
85	3902.0
86	2572.0
87	1643.0
88	1035.5
89	644.0
90	377.0
91	243.0
92	154.5
93	89.0
94	52.0
95	36.0
96	30.5
97	24.0
98	19.5
99	43.0
100	65.0
>>END_MODULE
>>Per base N content	pass
#Base	N-Count
1	0.0031263815204834507
2	5.75800143608821E-4
3	2.857674786799334E-4
4	5.68691499860564E-6
5	0.0
6	0.0
7	0.0
8	0.0
9	3.838667624058807E-5
10-14	1.2113128947030012E-4
15-19	1.2568082146918462E-4
20-24	0.01574308679063999
25-29	0.03768889177025916
30-34	0.03489690085169372
35-39	0.04940478970463656
40-44	0.08024094890157592
45-49	0.10825753564220661
50-54	0.13466472543823188
55-59	0.1671398535377694
60-64	0.16833183092147713
65-69	0.17475633879540192
70-74	0.21360735164562614
75-79	0.24025737271209188
80-84	0.24710129056716387
85-89	0.2619509630115229
90-94	0.28306562536409585
95-96	0.2850409752888615
>>END_MODULE
>>Sequence Length Distribution	pass
#Length	Count
96	7.0336905E7
>>END_MODULE
>>Sequence Duplication Levels	fail
#Total Duplicate Percentage	66.30031767538519
#Duplication Level	Relative count
1	100.0
2	62.528354681408835
3	39.93425788837424
4	23.68481819046196
5	14.10874614580079
6	8.85481044810584
7	5.4603985275940286
8	3.505793184009997
9	2.4001303975767785
10++	11.18430882492767
>>END_MODULE
>>Overrepresented sequences	pass
>>END_MODULE
>>Kmer Content	warn
#Sequence	Count	Obs/Exp Overall	Obs/Exp Max	Max Obs/Exp Position
GGGGG	11540780	3.7727876	8.023233	90-92
>>END_MODULE
