##FastQC	0.10.0
>>Basic Statistics	pass
#Measure	Value	
Filename	Gutierrez_A_Illumina.sequence.fastq	
File type	Conventional base calls	
Encoding	Illumina 1.5	
Total Sequences	95927061	
Filtered Sequences	0	
Sequence length	96	
%GC	42	
>>END_MODULE
>>Per base sequence quality	fail
#Base	Mean	Median	Lower Quartile	Upper Quartile	10th Percentile	90th Percentile
1	34.34644831868663	35.0	35.0	37.0	30.0	37.0
2	34.80381210678392	37.0	35.0	37.0	32.0	37.0
3	35.00480421265069	37.0	35.0	37.0	32.0	37.0
4	35.14765116175091	37.0	35.0	37.0	32.0	37.0
5	36.845371005372506	39.0	37.0	39.0	33.0	39.0
6	36.851724676522714	39.0	37.0	39.0	33.0	39.0
7	36.850742054945265	39.0	37.0	39.0	33.0	39.0
8	36.82713334665804	39.0	37.0	39.0	33.0	39.0
9	36.797155757748065	39.0	37.0	39.0	33.0	39.0
10-14	37.97339101841138	40.0	37.0	41.0	32.6	41.0
15-19	37.79456183068091	40.0	37.0	41.0	32.0	41.0
20-24	37.29019066892918	39.6	36.4	40.8	31.4	41.0
25-29	36.78937018616676	39.0	36.0	40.2	30.0	41.0
30-34	36.78407676015426	39.8	36.0	41.0	30.0	41.0
35-39	36.39496860223832	39.2	35.2	40.8	29.8	41.0
40-44	35.86799074559367	39.0	35.0	40.0	27.6	41.0
45-49	35.231871102566146	38.6	34.2	40.0	25.8	41.0
50-54	34.433809385653966	38.0	33.2	40.0	23.4	41.0
55-59	33.5014235618039	37.4	32.4	40.0	20.8	41.0
60-64	32.27983767375089	36.2	30.8	39.4	13.4	40.8
65-69	30.976455227790204	35.0	29.4	38.6	6.4	40.0
70-74	29.434241591118898	33.8	27.8	36.6	2.0	39.4
75-79	28.836011856967037	34.0	27.6	36.0	2.0	38.4
80-84	27.461689088963123	33.2	25.8	35.0	2.0	36.8
85-89	25.927765719831655	32.4	22.2	35.0	2.0	35.8
90-94	24.062013487518396	31.6	6.2	34.0	2.0	35.0
95-96	21.885409832372538	30.0	2.0	33.5	2.0	35.0
>>END_MODULE
>>Per sequence quality scores	pass
#Quality	Count
2	120918.0
3	12708.0
4	23927.0
5	41135.0
6	73745.0
7	123619.0
8	182349.0
9	259264.0
10	328150.0
11	383058.0
12	445261.0
13	510996.0
14	581045.0
15	652311.0
16	719933.0
17	777180.0
18	830766.0
19	887741.0
20	941845.0
21	990678.0
22	1062616.0
23	1161129.0
24	1285575.0
25	1453664.0
26	1660586.0
27	1911304.0
28	2203035.0
29	2543109.0
30	2926969.0
31	3382288.0
32	3952853.0
33	4702330.0
34	5756065.0
35	7330115.0
36	9873007.0
37	1.3862131E7
38	1.6037166E7
39	5892169.0
40	44321.0
>>END_MODULE
>>Per base sequence content	warn
#Base	G	A	T	C
1	18.04171798727173	31.064257603995383	28.868238709985526	22.025785698747363
2	20.9922814671512	29.78779531067733	29.54790095251264	19.672022269658825
3	20.27655048188311	28.897767766439387	29.73270136528075	21.09298038639675
4	20.28059403511149	28.731598635408982	29.847570534765804	21.140236794713715
5	20.806876382880112	28.97870080685574	29.58723607721079	20.627186733053357
6	20.817918105507268	28.80363446139562	29.187898292849813	21.1905491402473
7	21.05409650776229	29.092743704511076	29.26408742992762	20.589072357799015
8	20.219363334815394	28.944068243683606	29.87602945533795	20.960538966163053
9	20.230492075387847	28.693458232715617	30.114565520422822	20.961484171473714
10-14	20.486012671704486	29.040172425146217	29.480674145655456	20.99314075749384
15-19	20.67401563882759	28.895627215411274	29.299828398470652	21.13052874729049
20-24	20.999942963701773	28.754269086427918	29.045633002824133	21.200154947046173
25-29	21.159839782777617	28.67901459725241	28.901703400665063	21.25944221930491
30-34	21.281390727263823	28.670273650826378	28.7517076037786	21.2966280181312
35-39	21.367066127079866	28.655087482687758	28.654458459577732	21.323387930654647
40-44	21.423922550322892	28.667746570940476	28.602720508690087	21.30561037004654
45-49	21.480716866539527	28.655313203134575	28.537990184704505	21.325979745621396
50-54	21.548085055795035	28.660148984072414	28.46603678987894	21.32572917025361
55-59	21.616610084786636	28.66899432909754	28.405685525829007	21.30871006028682
60-64	21.685512662334254	28.658549761435776	28.312263251210435	21.34367432501954
65-69	21.765063684032597	28.66114349738787	28.222555350657608	21.351237467921923
70-74	21.788700990252632	28.661052758283823	28.191749189531468	21.358497061932074
75-79	21.81981955151212	28.649031671084042	28.149046384388864	21.382102393014982
80-84	21.896069334171933	28.628255830473613	28.06338498598695	21.412289849367504
85-89	21.96335187241271	28.609343529481812	27.9558036916531	21.471500906452388
90-94	22.05393663654175	28.53971176645232	27.829928584929416	21.57642301207652
95-96	22.476478036006505	28.29866546506907	27.504513066576035	21.720343432348386
>>END_MODULE
>>Per base GC content	pass
#Base	%GC
1	40.06750368601909
2	40.664303736810034
3	41.36953086827987
4	41.420830829825206
5	41.43406311593347
6	42.00846724575457
7	41.6431688655613
8	41.17990230097845
9	41.191976246861564
10-14	41.47915342919833
15-19	41.804544386118074
20-24	42.20009791074795
25-29	42.419282002082525
30-34	42.57801874539503
35-39	42.69045405773451
40-44	42.72953292036944
45-49	42.80669661216092
50-54	42.873814226048644
55-59	42.92532014507346
60-64	43.02918698735379
65-69	43.116301151954524
70-74	43.14719805218471
75-79	43.2019219445271
80-84	43.30835918353944
85-89	43.43485277886509
90-94	43.63035964861827
95-96	44.19682146835489
>>END_MODULE
>>Per sequence GC content	warn
#GC Content	Count
0	146.0
1	173.5
2	379.0
3	800.0
4	1496.5
5	2614.0
6	4150.0
7	5897.0
8	7716.0
9	9623.5
10	11369.5
11	13339.0
12	16075.5
13	19797.5
14	25928.0
15	36390.5
16	53815.0
17	82407.5
18	127549.0
19	193894.5
20	285201.0
21	406518.5
22	562920.5
23	753851.0
24	979214.5
25	1101162.0
26	1230482.5
27	1498237.0
28	1777580.0
29	2059212.0
30	2329035.0
31	2577636.5
32	2811647.5
33	3033022.5
34	3233201.0
35	3401040.5
36	3534991.0
37	3627863.5
38	3670015.5
39	3657979.5
40	3593450.0
41	3490862.0
42	3356956.5
43	3211274.5
44	3069676.5
45	2920796.0
46	2769164.0
47	2622178.0
48	2473253.0
49	2328939.5
50	2260340.0
51	2192040.0
52	2059717.0
53	1935106.5
54	1819144.5
55	1706089.5
56	1597922.5
57	1496780.0
58	1398749.0
59	1303677.5
60	1200705.0
61	1090100.0
62	978882.0
63	866902.5
64	757674.5
65	654622.5
66	559603.0
67	474385.5
68	397541.0
69	329401.5
70	270308.0
71	217928.0
72	172602.0
73	135901.5
74	106621.5
75	93410.0
76	83103.0
77	64500.5
78	49341.5
79	37077.5
80	27243.0
81	19669.0
82	14125.0
83	10016.5
84	6906.5
85	4564.5
86	3034.0
87	1987.5
88	1259.0
89	773.5
90	438.0
91	255.0
92	162.0
93	112.0
94	75.5
95	48.5
96	42.0
97	43.0
98	43.0
99	84.0
100	128.0
>>END_MODULE
>>Per base N content	pass
#Base	N-Count
1	0.0032462164143650767
2	6.984473338550422E-4
3	2.825063096637559E-4
4	4.169834828985326E-6
5	0.0
6	0.0
7	0.0
8	0.0
9	3.335867863188261E-5
10-14	1.7846893068057198E-4
15-19	1.845151911826007E-4
20-24	0.02055186492161998
25-29	0.04991333988643725
30-34	0.04710579009608144
35-39	0.06685120896177565
40-44	0.10996000388253321
45-49	0.14725146223337332
50-54	0.1821223314659875
55-59	0.22360697572085525
60-64	0.22501846481046678
65-69	0.23319738733578005
70-74	0.27977590181773626
75-79	0.3120360374639227
80-84	0.32030169255367885
85-89	0.3384727902796897
90-94	0.3637009164702753
95-96	0.36702938287664205
>>END_MODULE
>>Sequence Length Distribution	pass
#Length	Count
96	9.5927061E7
>>END_MODULE
>>Sequence Duplication Levels	fail
#Total Duplicate Percentage	62.46979308261592
#Duplication Level	Relative count
1	100.0
2	63.16967654308567
3	36.512148498415414
4	19.07289099049248
5	10.350118215201972
6	6.201267669399869
7	3.527591931183661
8	2.379395341817999
9	1.5694954474571154
10++	8.73912168620152
>>END_MODULE
>>Overrepresented sequences	pass
>>END_MODULE
>>Kmer Content	warn
#Sequence	Count	Obs/Exp Overall	Obs/Exp Max	Max Obs/Exp Position
GGGGG	14985550	3.8037467	8.48074	90-92
CTGGG	15904005	3.0327985	3.3536894	90-92
>>END_MODULE
