##FastQC	0.10.0
>>Basic Statistics	pass
#Measure	Value	
Filename	Gutierrez_B_Sure.sequence.fastq	
File type	Conventional base calls	
Encoding	Illumina 1.5	
Total Sequences	37043709	
Filtered Sequences	0	
Sequence length	96	
%GC	42	
>>END_MODULE
>>Per base sequence quality	fail
#Base	Mean	Median	Lower Quartile	Upper Quartile	10th Percentile	90th Percentile
1	23.140239574822274	23.0	16.0	35.0	9.0	39.0
2	25.740688439162504	26.0	22.0	35.0	12.0	39.0
3	25.63763520548118	26.0	21.0	35.0	12.0	39.0
4	25.554145374589787	26.0	21.0	34.0	12.0	39.0
5	25.371711239822126	26.0	21.0	34.0	12.0	39.0
6	25.308735013548453	26.0	21.0	34.0	12.0	39.0
7	30.77725040977943	35.0	29.0	35.0	20.0	39.0
8	30.685778170862967	35.0	29.0	35.0	20.0	39.0
9	30.61305950762112	35.0	28.0	35.0	20.0	39.0
10-14	30.374627454286497	35.0	28.0	35.0	18.6	39.0
15-19	30.261946129638375	35.0	28.0	35.0	16.8	39.0
20-24	29.848511502992316	35.0	27.8	35.0	6.8	39.0
25-29	29.458703878707176	35.0	27.2	35.0	2.0	39.0
30-34	29.076684286662548	35.0	27.0	35.0	2.0	39.0
35-39	28.487275634305412	34.8	26.4	35.0	2.0	39.0
40-44	27.680798664086257	32.4	25.2	35.0	2.0	38.6
45-49	26.679840790240526	31.0	23.0	35.0	2.0	37.2
50-54	25.573362127426282	31.0	21.4	35.0	2.0	37.0
55-59	24.408676971304356	30.0	17.2	35.0	2.0	36.8
60-64	23.23503415924145	29.4	3.8	35.0	2.0	36.2
65-69	21.3863456437367	27.0	2.0	32.8	2.0	35.8
70-74	19.945238518097636	25.4	2.0	31.0	2.0	35.6
75-79	19.751143758309944	25.6	2.0	32.4	2.0	36.4
80-84	18.6887268064869	24.2	2.0	31.2	2.0	36.0
85-89	16.949757746990183	20.4	2.0	30.6	2.0	35.6
90-94	15.226224253084377	7.8	2.0	29.0	2.0	35.0
95-96	14.117759684917079	2.0	2.0	27.0	2.0	33.5
>>END_MODULE
>>Per sequence quality scores	pass
#Quality	Count
2	2887382.0
3	72758.0
4	207237.0
5	211669.0
6	253712.0
7	272042.0
8	308626.0
9	325191.0
10	366401.0
11	429764.0
12	479375.0
13	528048.0
14	577948.0
15	621102.0
16	677354.0
17	705866.0
18	756672.0
19	799128.0
20	826741.0
21	875231.0
22	912975.0
23	918353.0
24	974914.0
25	1050215.0
26	1225004.0
27	1406380.0
28	1706650.0
29	2329699.0
30	3217864.0
31	3125335.0
32	1467492.0
33	622357.0
34	691394.0
35	939568.0
36	1437171.0
37	2228064.0
38	608027.0
>>END_MODULE
>>Per base sequence content	warn
#Base	G	A	T	C
1	16.916946118256387	30.110046937284547	29.961065481164535	23.011941463294534
2	20.254564545931682	29.494188045083796	30.149632384176456	20.101615024808066
3	19.52945910464851	29.221633827217463	29.981876274862216	21.267030793271807
4	20.284580574801513	28.77121456709424	30.1181369284593	20.82606792964495
5	20.409943291585623	29.473344583286732	29.64089799971164	20.475814125416004
6	20.304535380083024	28.872203374667478	29.941032632558475	20.882228612691023
7	20.362051219007256	29.114112196486587	29.59723336558982	20.926603218916334
8	20.29409366108561	28.937960828922392	29.920564919673676	20.847380590318316
9	20.210943240051908	28.724375304859457	30.28954255093625	20.775138904152392
10-14	20.185514499916568	29.337996416492146	29.708454523072135	20.76803456051915
15-19	20.392985486415522	28.916698379203876	29.729802164248724	20.960513970131878
20-24	20.618648606960853	29.004616660339277	29.256453786281988	21.12028094641788
25-29	20.8465068171005	28.955868360495806	29.251848060420954	20.945776761982742
30-34	20.971313382432594	28.78475440147917	28.984327763254107	21.25960445283413
35-39	21.037362000649317	28.765635064520584	28.902033488082374	21.29496944674772
40-44	20.89626304555766	28.742430081603963	29.08743004955553	21.273876823282848
45-49	21.140715045987672	28.722763614041813	29.01681811587257	21.11970322409794
50-54	21.110042919957	28.584112112603794	28.858710127718613	21.447134839720597
55-59	21.162488576388764	28.59441230283807	29.002147849336176	21.240951271436987
60-64	21.24961295526393	28.74379509719055	28.795762279419918	21.2108296681256
65-69	21.284608624002555	29.20379734753491	28.408996183692736	21.102597844769797
70-74	21.302158633732905	29.109967733426366	28.417585254527356	21.170288378313373
75-79	21.396458501631347	28.942217584976724	28.414551977906054	21.24677193548587
80-84	21.507445540843044	28.828527526597707	28.362064298288153	21.301962634271096
85-89	21.609230562853412	28.747281685880587	28.27721317736448	21.366274573901514
90-94	21.66416665361868	28.653540469750993	28.22533663204621	21.45695624458412
95-96	21.88543697789781	28.487704360200233	28.079488853185957	21.547369808716
>>END_MODULE
>>Per base GC content	pass
#Base	%GC
1	39.92888758155092
2	40.35617957073975
3	40.79648989792032
4	41.11064850444646
5	40.88575741700163
6	41.18676399277405
7	41.28865443792359
8	41.141474251403935
9	40.986082144204296
10-14	40.95354906043572
15-19	41.3534994565474
20-24	41.73892955337873
25-29	41.79228357908324
30-34	42.23091783526672
35-39	42.332331447397046
40-44	42.17013986884051
45-49	42.260418270085616
50-54	42.55717775967759
55-59	42.40343984782575
60-64	42.46044262338953
65-69	42.38720646877235
70-74	42.472447012046274
75-79	42.64323043711722
80-84	42.809408175114136
85-89	42.975505136754926
90-94	43.1211228982028
95-96	43.43280678661381
>>END_MODULE
>>Per sequence GC content	warn
#GC Content	Count
0	83.0
1	73.5
2	66.5
3	82.0
4	160.0
5	289.5
6	466.0
7	788.5
8	1289.0
9	1938.0
10	2779.5
11	3922.0
12	5510.5
13	7679.5
14	10802.0
15	15595.5
16	22868.5
17	34405.0
18	52007.0
19	76605.0
20	109000.5
21	150897.5
22	203273.5
23	267597.0
24	344048.5
25	384880.0
26	429332.5
27	522292.0
28	623223.0
29	728869.5
30	834047.0
31	939896.5
32	1045050.5
33	1145807.0
34	1240485.0
35	1326562.5
36	1399421.5
37	1454040.0
38	1489377.0
39	1504920.5
40	1498908.0
41	1471879.5
42	1430026.0
43	1381546.0
44	1328816.0
45	1272602.0
46	1215342.5
47	1150538.5
48	1079071.5
49	1006047.5
50	968682.0
51	928956.5
52	853370.0
53	785000.5
54	721571.5
55	662834.0
56	609038.0
57	555336.5
58	499947.0
59	444156.0
60	388781.5
61	335923.0
62	285669.5
63	238958.0
64	196793.5
65	159887.0
66	128005.0
67	101236.5
68	79171.0
69	60603.0
70	45703.5
71	33962.0
72	25228.0
73	18640.0
74	13869.0
75	11991.0
76	10387.5
77	7725.0
78	5878.0
79	4471.0
80	3452.5
81	2634.5
82	1911.5
83	1371.5
84	963.5
85	677.0
86	485.0
87	329.0
88	204.0
89	128.0
90	71.5
91	40.5
92	24.5
93	12.5
94	8.5
95	3.5
96	1.5
97	0.0
98	0.0
99	0.0
100	0.0
>>END_MODULE
>>Per base N content	pass
#Base	N-Count
1	0.0040897632577774545
2	0.007369672405103928
3	0.0
4	0.0
5	0.0
6	0.0
7	0.0
8	0.0
9	0.0
10-14	1.6736984949320275E-5
15-19	0.0
20-24	1.2957665767215695E-5
25-29	0.11059529703140687
30-34	0.1087191350088621
35-39	0.019860862204699858
40-44	0.0162629503433363
45-49	0.292387568426261
50-54	0.528984287183554
55-59	0.19092202673333816
60-64	0.15569283302598022
65-69	0.13933324009213008
70-74	0.10119559032277248
75-79	0.25943622438023145
80-84	0.29623545525638373
85-89	0.5079000053693328
90-94	0.5198399544710818
95-96	0.417717351143213
>>END_MODULE
>>Sequence Length Distribution	pass
#Length	Count
96	3.7043709E7
>>END_MODULE
>>Sequence Duplication Levels	warn
#Total Duplicate Percentage	31.050038204580634
#Duplication Level	Relative count
1	100.0
2	24.372207343842128
3	8.589127021900818
4	3.567496146223299
5	1.7105795938083839
6	0.8808632459810615
7	0.554801770250975
8	0.38857435125132306
9	0.2884116757002508
10++	1.72265594476135
>>END_MODULE
>>Overrepresented sequences	warn
#Sequence	Count	Percentage	Possible Source
CAAGATCGGAAGAGCGGTTCAGCAGGAATGCCGAGACCGATCTCGTATGC	101830	0.274891480224078	Illumina Paired End PCR Primer 2 (100% over 48bp)
>>END_MODULE
>>Kmer Content	warn
#Sequence	Count	Obs/Exp Overall	Obs/Exp Max	Max Obs/Exp Position
GGGGG	3631610	2.630606	5.1499844	90-92
GGAAG	6398085	2.4443953	8.644356	8
GAAGA	7881485	2.1868138	6.7202034	9
CAAGA	5875150	1.614129	5.3071933	1
AGATC	4092895	1.121827	5.5615306	3
CGGAA	1814560	0.68644893	6.9010077	7
TCGGA	1612925	0.6087333	6.8355865	6
GATCG	1519490	0.5734701	6.79542	4
ATCGG	1479360	0.5583246	6.767373	5
>>END_MODULE
