##FastQC	0.10.0
>>Basic Statistics	pass
#Measure	Value	
Filename	vhir_sample_a_sure_1e6.fastq	
File type	Conventional base calls	
Encoding	Illumina 1.5	
Total Sequences	250000	
Filtered Sequences	0	
Sequence length	96	
%GC	39	
>>END_MODULE
>>Per base sequence quality	fail
#Base	Mean	Median	Lower Quartile	Upper Quartile	10th Percentile	90th Percentile
1	35.010348	35.0	35.0	37.0	33.0	37.0
2	35.226628	37.0	35.0	37.0	32.0	37.0
3	35.1633	37.0	35.0	37.0	32.0	37.0
4	35.09214	37.0	35.0	37.0	32.0	37.0
5	36.563692	39.0	35.0	39.0	32.0	39.0
6	36.54032	39.0	35.0	39.0	32.0	39.0
7	36.532336	39.0	35.0	39.0	32.0	39.0
8	36.489652	39.0	35.0	39.0	32.0	39.0
9	36.372924	39.0	35.0	39.0	32.0	39.0
10-14	37.320015999999995	39.4	36.0	41.0	31.0	41.0
15-19	37.0032056	39.0	36.0	40.4	30.4	41.0
20-24	36.32176559999999	38.4	34.6	40.0	29.0	41.0
25-29	35.343572	38.0	33.8	40.0	26.8	40.6
30-34	34.20536320000001	37.0	32.6	39.0	24.6	40.0
35-39	32.83571439999999	35.6	30.4	38.0	22.6	40.0
40-44	31.3582752	34.4	29.6	38.0	16.8	39.0
45-49	29.833772800000002	33.4	27.4	37.2	10.8	39.0
50-54	27.4780504	31.8	23.8	36.0	3.0	38.0
55-59	24.567152	29.4	15.8	34.2	2.0	37.6
60-64	21.349722399999997	27.0	3.2	32.4	2.0	36.6
65-69	17.751144000000004	21.0	2.0	30.6	2.0	34.4
70-74	14.612007199999999	7.6	2.0	28.4	2.0	32.8
75-79	11.769696	2.0	2.0	26.0	2.0	31.6
80-84	8.424968	2.0	2.0	10.4	2.0	29.8
85-89	5.6945528	2.0	2.0	2.0	2.0	24.6
90-94	3.9112136	2.0	2.0	2.0	2.0	3.0
95-96	2.96231	2.0	2.0	2.0	2.0	2.0
>>END_MODULE
>>Per sequence quality scores	pass
#Quality	Count
2	163.0
3	18.0
4	22.0
5	41.0
6	111.0
7	326.0
8	518.0
9	807.0
10	1231.0
11	1801.0
12	2512.0
13	3220.0
14	4109.0
15	5176.0
16	6468.0
17	7419.0
18	8396.0
19	9429.0
20	10666.0
21	11733.0
22	12894.0
23	14084.0
24	15310.0
25	16219.0
26	16996.0
27	17752.0
28	17968.0
29	17398.0
30	15261.0
31	12187.0
32	9031.0
33	6021.0
34	3233.0
35	1162.0
36	252.0
37	62.0
38	4.0
>>END_MODULE
>>Per base sequence content	warn
#Base	G	A	T	C
1	17.1184	31.8536	30.474800000000002	20.5532
2	19.937035466553592	31.35345744893632	30.516997223800114	18.192509860709972
3	19.1044	30.3676	30.7072	19.8208
4	19.1636	30.118000000000002	30.904799999999998	19.8136
5	19.6988	30.3956	30.4868	19.4188
6	19.7912	30.086800000000004	30.1512	19.9708
7	19.8924	30.403999999999996	30.2336	19.470000000000002
8	18.997600000000002	30.3384	30.760399999999997	19.903599999999997
9	19.087200000000003	30.076000000000004	31.1756	19.6612
10-14	19.27488	30.42064	30.5224	19.78208
15-19	19.45848	30.142239999999997	30.42304	19.97624
20-24	19.77952	29.96952	30.2084	20.04256
25-29	19.905147674733968	29.841280762402768	30.13121398335764	20.122357579505625
30-34	20.02600748977247	29.79892669028653	29.983526987377633	20.191538832563364
35-39	20.138596773767087	29.858959474585383	29.799668451005985	20.202775300641544
40-44	20.294676501499577	29.7651623900951	29.831810258644996	20.108350849760324
45-49	20.3028104499795	29.86447442599426	29.724176148011477	20.10853897601476
50-54	20.370354059185225	29.90986172177964	29.613190920672388	20.106593298362746
55-59	20.422869730649847	29.965915690397516	29.59415239811755	20.017062180835087
60-64	20.38856333755389	30.157826326171204	29.572314441745533	19.881295894529377
65-69	20.553910398779593	30.270857970624338	29.39561320013973	19.77961843045634
70-74	20.38693170257319	30.355017166880017	29.611946802698636	19.646104327848157
75-79	20.1986030814239	30.593622303273442	29.735107772933038	19.47266684236962
80-84	20.05771473985105	30.835565867227256	29.62462986938074	19.48208952354095
85-89	20.068071338763023	31.054945582970955	29.56802729260265	19.308955785663375
90-94	19.882470914074176	31.34936590038621	29.668765648252123	19.09939753728749
95-96	19.139393356650363	32.13462979210987	30.058332632219965	18.667644219019802
>>END_MODULE
>>Per base GC content	pass
#Base	%GC
1	37.6716
2	38.129545327263564
3	38.9252
4	38.9772
5	39.1176
6	39.762
7	39.362399999999994
8	38.9012
9	38.7484
10-14	39.056960000000004
15-19	39.43472
20-24	39.82208
25-29	40.02750525423959
30-34	40.217546322335835
35-39	40.34137207440863
40-44	40.4030273512599
45-49	40.41134942599426
50-54	40.47694735754797
55-59	40.43993191148493
60-64	40.26985923208326
65-69	40.33352882923593
70-74	40.03303603042134
75-79	39.67126992379352
80-84	39.539804263392
85-89	39.3770271244264
90-94	38.98186845136167
95-96	37.807037575670165
>>END_MODULE
>>Per sequence GC content	pass
#GC Content	Count
0	0.0
1	1.0
2	2.0
3	4.0
4	5.5
5	8.5
6	13.5
7	21.0
8	26.5
9	36.5
10	42.0
11	52.5
12	73.5
13	75.5
14	105.0
15	163.0
16	217.0
17	343.0
18	535.0
19	750.0
20	1052.5
21	1450.0
22	1967.5
23	2576.5
24	3224.5
25	3566.0
26	3954.5
27	4703.5
28	5572.5
29	6532.0
30	7341.0
31	8094.0
32	8864.0
33	9537.0
34	10037.0
35	10460.5
36	10652.0
37	10825.0
38	10952.0
39	10761.5
40	10519.5
41	10082.0
42	9495.0
43	8983.5
44	8356.0
45	7719.0
46	7149.0
47	6574.5
48	6077.5
49	5472.5
50	5116.0
51	4977.5
52	4553.0
53	4114.0
54	3726.0
55	3347.5
56	2993.0
57	2637.5
58	2242.0
59	1860.0
60	1612.5
61	1354.5
62	1113.5
63	902.0
64	748.0
65	616.0
66	452.0
67	345.5
68	265.0
69	189.5
70	132.0
71	94.0
72	75.5
73	57.0
74	42.0
75	35.0
76	25.0
77	13.0
78	14.5
79	12.5
80	7.0
81	5.5
82	5.5
83	4.0
84	0.5
85	0.5
86	1.0
87	0.5
88	0.0
89	0.0
90	0.0
91	0.0
92	0.0
93	0.0
94	0.0
95	0.0
96	0.0
97	0.0
98	0.0
99	0.0
100	0.0
>>END_MODULE
>>Per base N content	pass
#Base	N-Count
1	0.0
2	0.0072
3	0.0
4	0.0
5	0.0
6	0.0
7	0.0
8	0.0
9	0.0
10-14	0.0
15-19	0.0
20-24	0.0
25-29	0.00456
30-34	0.15184
35-39	0.15352
40-44	0.13183999999999998
45-49	0.09856000000000001
50-54	0.09128
55-59	0.13
60-64	0.10792
65-69	0.15136
70-74	0.13328
75-79	0.13448
80-84	0.14336
85-89	0.1048
90-94	0.11664
95-96	0.1588
>>END_MODULE
>>Sequence Length Distribution	pass
#Length	Count
96	250000.0
>>END_MODULE
>>Sequence Duplication Levels	pass
#Total Duplicate Percentage	0.9155402882533031
#Duplication Level	Relative count
1	100.0
2	0.4803392521580095
3	0.008039150663732376
4	5.024469164832735E-4
5	5.024469164832735E-4
6	0.0
7	0.0
8	0.0
9	0.0
10++	0.0
>>END_MODULE
>>Overrepresented sequences	pass
>>END_MODULE
>>Kmer Content	warn
#Sequence	Count	Obs/Exp Overall	Obs/Exp Max	Max Obs/Exp Position
GGGGG	23515	3.1826324	5.6411266	85-89
CTGGG	33690	3.0874941	3.5374367	5
GGAGG	34430	3.0813646	3.8723412	65-69
>>END_MODULE
