##FastQC	0.10.0
>>Basic Statistics	pass
#Measure	Value	
Filename	sample_a_1_sequence.fastq	
File type	Conventional base calls	
Encoding	Illumina 1.5	
Total Sequences	2500	
Filtered Sequences	0	
Sequence length	100	
%GC	46	
>>END_MODULE
>>Per base sequence quality	pass
#Base	Mean	Median	Lower Quartile	Upper Quartile	10th Percentile	90th Percentile
1	32.132	33.0	31.0	34.0	30.0	34.0
2	32.3816	34.0	31.0	34.0	31.0	34.0
3	32.4832	34.0	31.0	34.0	31.0	34.0
4	36.058	37.0	35.0	37.0	35.0	37.0
5	35.8516	37.0	35.0	37.0	35.0	37.0
6	35.7448	37.0	35.0	37.0	33.0	37.0
7	35.8104	37.0	35.0	37.0	33.0	37.0
8	35.7332	37.0	35.0	37.0	33.0	37.0
9	37.2304	39.0	37.0	39.0	33.0	39.0
10-14	37.70744	39.2	37.2	39.4	34.0	39.4
15-19	38.668	40.0	38.0	41.0	34.0	41.0
20-24	38.15304	40.0	37.8	41.0	33.4	41.0
25-29	35.66984	40.0	36.2	41.0	26.0	41.0
30-34	35.306560000000005	40.0	35.8	41.0	23.2	41.0
35-39	35.705439999999996	39.8	35.4	41.0	25.6	41.0
40-44	35.980560000000004	39.8	36.0	41.0	28.8	41.0
45-49	27.22768	30.0	25.8	32.4	16.2	34.6
50-54	33.3648	38.0	33.0	39.8	11.4	40.8
55-59	32.67832	38.0	32.4	40.0	7.0	41.0
60-64	33.260239999999996	37.2	33.0	40.0	17.4	41.0
65-69	32.73392	36.0	32.4	39.2	17.6	40.8
70-74	31.82536	35.0	31.8	38.2	11.2	40.0
75-79	28.999119999999998	34.0	28.2	36.0	2.0	38.6
80-84	29.542880000000004	34.2	29.6	35.6	2.0	37.6
85-89	28.92072	34.0	29.4	35.0	2.0	36.2
90-94	27.51848	34.0	26.8	35.0	2.0	35.4
95-99	27.303999999999995	34.0	27.4	35.0	2.0	35.0
100	24.4292	31.0	18.0	34.0	2.0	35.0
>>END_MODULE
>>Per sequence quality scores	pass
#Quality	Count
8	7.0
9	23.0
10	80.0
11	17.0
12	5.0
13	12.0
14	22.0
15	12.0
16	13.0
17	9.0
18	7.0
19	14.0
20	19.0
21	14.0
22	13.0
23	23.0
24	20.0
25	22.0
26	31.0
27	36.0
28	39.0
29	60.0
30	77.0
31	80.0
32	95.0
33	111.0
34	162.0
35	239.0
36	358.0
37	510.0
38	349.0
39	21.0
>>END_MODULE
>>Per base sequence content	pass
#Base	G	A	T	C
1	20.32	29.68	26.68	23.32
2	21.44	28.04	29.080000000000002	21.44
3	21.92	26.32	28.000000000000004	23.76
4	22.6	26.040000000000003	28.599999999999998	22.759999999999998
5	22.8	25.88	28.12	23.200000000000003
6	23.56	25.88	26.72	23.84
7	21.8	25.44	29.32	23.44
8	22.759999999999998	26.52	27.96	22.759999999999998
9	21.560000000000002	27.400000000000002	27.52	23.52
10-14	22.752	26.064	27.983999999999998	23.200000000000003
15-19	22.36	26.144000000000002	28.104000000000003	23.392
20-24	22.596502538480134	25.819969377065032	27.560641469900876	24.022886614553954
25-29	22.866059379217273	25.573549257759787	27.876180836707153	23.684210526315788
30-34	23.401913470493607	26.22978579290492	26.864787062907457	23.503513673694016
35-39	22.753456221198157	26.6211323238973	27.221856484529294	23.403554970375247
40-44	23.24048129223669	26.240316466128235	27.17158397890226	23.347618262732816
45-49	23.767780350645054	25.545815415150514	26.620906384386373	24.065497849818062
50-54	23.115318416523237	26.006884681583475	27.418244406196212	23.459552495697075
55-59	23.234087138740943	26.429756395704185	26.979830612066706	23.35632585348817
60-64	23.26125073056692	25.7910996075812	27.010102696835602	23.93754696501628
65-69	22.872	26.88	26.223999999999997	24.024
70-74	23.82102982836194	26.17897017163806	26.728878520246624	23.271121479753372
75-79	23.86047320807237	25.887265135699373	26.1830201809325	24.069241475295755
80-84	23.431431776991456	26.36575472512298	26.995771122810048	23.207042375075517
85-89	23.113682092555333	25.68745808182428	26.743796109993294	24.455063715627094
90-94	24.042591267000716	26.225841088045815	26.503221188260557	23.228346456692915
95-99	23.880097128024786	26.45064054257724	26.36690948672863	23.302352842669347
100	24.080958281701776	25.857083849648905	25.815778603882695	24.246179264766628
>>END_MODULE
>>Per base GC content	pass
#Base	%GC
1	43.64
2	42.88
3	45.68
4	45.36
5	46.0
6	47.4
7	45.24
8	45.519999999999996
9	45.08
10-14	45.952
15-19	45.751999999999995
20-24	46.61938915303409
25-29	46.550269905533064
30-34	46.90542714418762
35-39	46.1570111915734
40-44	46.58809955496951
45-49	47.83327820046311
50-54	46.57487091222031
55-59	46.590412992229105
60-64	47.1987976955832
65-69	46.896
70-74	47.09215130811531
75-79	47.92971468336813
80-84	46.63847415206697
85-89	47.56874580818243
90-94	47.27093772369363
95-99	47.18244997069413
100	48.3271375464684
>>END_MODULE
>>Per sequence GC content	warn
#GC Content	Count
0	0.0
1	0.0
2	0.5
3	0.5
4	0.5
5	0.5
6	0.5
7	0.5
8	1.5
9	2.0
10	1.0
11	3.0
12	4.0
13	3.0
14	5.5
15	9.0
16	9.0
17	9.0
18	9.0
19	9.0
20	11.0
21	9.0
22	8.0
23	9.5
24	17.0
25	19.5
26	14.0
27	24.0
28	34.0
29	34.5
30	34.5
31	37.0
32	35.5
33	43.0
34	52.0
35	55.0
36	58.5
37	66.0
38	72.5
39	74.5
40	79.5
41	74.5
42	74.0
43	80.5
44	81.5
45	79.0
46	75.5
47	72.0
48	76.0
49	82.5
50	80.0
51	70.5
52	64.0
53	61.0
54	64.0
55	63.5
56	60.5
57	63.0
58	56.0
59	51.0
60	46.0
61	38.0
62	41.0
63	38.5
64	28.5
65	23.0
66	20.5
67	18.5
68	15.5
69	11.0
70	10.5
71	10.5
72	5.0
73	2.0
74	1.0
75	0.0
76	2.5
77	2.5
78	0.0
79	0.0
80	0.0
81	0.0
82	0.0
83	0.0
84	0.0
85	0.0
86	0.0
87	0.0
88	0.0
89	0.0
90	0.0
91	0.0
92	0.0
93	0.0
94	0.0
95	0.0
96	0.0
97	0.0
98	0.0
99	0.0
100	0.0
>>END_MODULE
>>Per base N content	warn
#Base	N-Count
1	0.0
2	0.0
3	0.0
4	0.0
5	0.0
6	0.0
7	0.0
8	0.0
9	0.0
10-14	0.0
15-19	0.0
20-24	0.728
25-29	5.152
30-34	5.5120000000000005
35-39	2.784
40-44	2.928
45-49	3.2640000000000002
50-54	7.04
55-59	8.376
60-64	4.184
65-69	0.0
70-74	3.984
75-79	8.032
80-84	7.303999999999999
85-89	4.5760000000000005
90-94	10.592
95-99	4.456
100	3.16
>>END_MODULE
>>Sequence Length Distribution	pass
#Length	Count
100	2500.0
>>END_MODULE
>>Sequence Duplication Levels	pass
#Total Duplicate Percentage	0.0
#Duplication Level	Relative count
1	100.0
2	0.0
3	0.0
4	0.0
5	0.0
6	0.0
7	0.0
8	0.0
9	0.0
10++	0.0
>>END_MODULE
>>Overrepresented sequences	pass
>>END_MODULE
>>Kmer Content	warn
#Sequence	Count	Obs/Exp Overall	Obs/Exp Max	Max Obs/Exp Position
CCCAG	600	3.468033	5.621639	25-29
CCAGG	555	3.1706986	7.504526	50-54
CCTCC	510	2.9043825	5.0846057	3
CAGGG	485	2.7386322	7.5623517	3
CTGGG	495	2.7219412	5.336535	30-34
CCTGG	480	2.6704519	9.934526	6
CAGCC	450	2.601025	5.256449	50-54
CTCCT	525	2.5752218	8.759089	7
TGCTG	530	2.539751	8.556949	6
TGCAG	515	2.5342	5.1456695	20-24
CAGAG	500	2.5265162	6.7673244	4
CCAGC	435	2.5143242	5.160665	1
AGGAA	555	2.4804769	7.9807887	6
AGAAA	620	2.4796708	7.141772	7
CAGCT	495	2.4643872	8.890115	1
CTGCT	505	2.4483678	6.493071	5
TCTTC	565	2.3871267	5.752889	25-29
TTCTT	655	2.383636	5.1087565	35-39
TTTTT	760	2.3822315	5.3173785	10-14
GCTGC	425	2.3644629	9.934527	8
GGAGG	420	2.3440733	5.432897	45-49
GGCAG	415	2.3433654	10.083135	2
CCAGA	455	2.3261273	6.84679	8
GCAGC	400	2.2851882	5.490602	95-96
CTGCC	405	2.2796524	12.56398	9
CTGTG	475	2.276192	6.4177113	6
AGGAG	455	2.2724454	5.0903964	80-84
CTGGA	460	2.2635574	6.5901995	1
CAGAA	500	2.2609043	8.074504	9
CTGCA	450	2.2403517	8.890114	6
AGCTG	455	2.2389534	8.786933	2
AAGAA	555	2.2197053	5.3563285	1
CCCTG	390	2.1952207	7.538388	4
GCAGG	385	2.173966	7.5623517	8
CTCTG	445	2.1574728	6.4930716	3
CAGGA	425	2.147539	9.023099	5
GGAAA	480	2.1452773	11.971183	8
TCCCA	425	2.1407337	8.994507	2
CAGTG	430	2.1159341	6.5901995	8
CCTGA	425	2.1158876	8.890114	5
TTTCA	560	2.092691	5.0047455	7
TCTTT	575	2.092505	6.498338	3
TGGCC	375	2.0862908	5.3468933	95-96
CCCAC	355	2.0760145	7.831897	3
GGAAG	415	2.07267	6.688781	1
AGCAG	410	2.0717432	6.7673244	1
TGGAG	425	2.0670578	6.513712	6
CTCAG	410	2.0412092	6.6675854	9
CCTGC	360	2.0263577	7.538388	9
CTGGC	360	2.002839	7.4508953	4
GCAGA	395	1.9959478	6.7673244	2
CTCCC	350	1.9932036	7.626909	4
CACAG	385	1.9682616	6.84679	9
AGAAG	440	1.9665041	5.9855914	2
TCTCT	455	1.9223763	5.6583776	6
ATTTT	595	1.9151629	5.747678	9
TGAAA	490	1.9084464	5.216134	7
TTCAG	445	1.9082505	7.657359	6
GGGCC	295	1.883319	8.550013	5
TGAGA	430	1.8715101	11.657854	7
TCAGG	380	1.8698952	10.983666	4
AGGGC	330	1.8633993	5.041568	4
CTTTT	510	1.855961	6.498338	2
AAAGG	415	1.8547709	5.9855914	3
TGGAA	425	1.8497486	9.714879	7
GCTGT	385	1.8449135	8.556949	2
CCCCA	315	1.8420974	5.2212644	6
AAAAG	460	1.8397558	5.3563285	2
GAAAG	410	1.8324243	9.975986	9
GAGAA	410	1.8324243	5.9855914	8
TGCCC	325	1.8293506	7.538388	4
TCCCC	320	1.8223575	10.169211	9
AAACA	445	1.8006628	7.225635	9
CTGAG	365	1.7960836	6.5901995	1
TTCCA	410	1.7788087	5.8104568	4
GCTCC	315	1.773063	5.025592	3
GGATG	355	1.7266012	6.513712	8
AAAAT	495	1.7252389	6.223686	1
AGACA	380	1.7182873	6.0558777	1
GCCCT	305	1.7167752	5.025592	5
CTTTG	410	1.7121462	5.5927043	2
GGCCC	265	1.711661	5.7669415	6
TGTGG	360	1.7050916	8.457633	5
AGGGG	305	1.7022437	9.966107	9
TGGCT	355	1.701154	6.4177113	3
GCCCC	260	1.6990856	5.83466	7
CCACC	290	1.6958992	5.2212644	3
AACAG	375	1.6956784	6.0558777	5
GAGCC	295	1.6853263	5.490602	95-96
GGGGG	270	1.6839359	6.900981	75-79
TGCCT	345	1.6726474	6.493071	2
GGGCA	295	1.665766	5.041568	1
AGGTG	340	1.6536462	5.8429427	95-96
GAAGG	330	1.6481472	5.0903964	80-84
CCCCT	285	1.6230372	5.0846057	3
GAGGC	285	1.6092994	7.5623517	5
GTGGA	330	1.6050094	6.5137115	6
GGCCA	280	1.5996318	5.1007686	6
AGCTC	320	1.5931392	6.667586	1
CTGTC	325	1.5756823	6.493071	3
GTGAA	360	1.5668459	5.8289275	8
AGAGC	310	1.5664401	6.7673244	1
TCTGT	375	1.5659873	5.5927043	4
TAAAA	445	1.5509722	6.2236857	2
AGTGG	315	1.5320543	8.684948	1
CCCCC	230	1.5206869	5.903174	9
CACAT	340	1.5147562	5.9666247	5
AGCCC	260	1.5028145	10.32133	9
GTGGC	270	1.4846952	7.364418	2
AGCAC	290	1.4825867	6.84679	3
GAAAC	325	1.469588	6.0558786	8
GCTCA	295	1.468675	8.890114	8
GAAAT	375	1.4605458	5.216135	8
AGGCC	255	1.4568075	5.100769	9
CATCT	335	1.453417	6.2545285	95-96
AAATT	425	1.4424958	6.06079	9
TGGCA	290	1.4270253	6.5901995	5
GGTGA	290	1.4104629	8.684949	1
CCAAG	275	1.4059012	6.84679	8
TTTTA	430	1.3840673	5.7476773	1
AAGAT	355	1.38265	5.216135	1
CACCC	235	1.3742632	5.2212644	1
GTGCT	285	1.3657151	6.4177113	8
TCAAG	310	1.3650718	5.897374	9
TTGAG	320	1.3562987	11.352728	6
ATCTG	315	1.350784	5.151613	95-96
AAATG	345	1.3437022	5.216135	2
AAGAG	300	1.3407983	7.9807887	6
CTCAA	300	1.3365496	5.352193	95-96
GCTCT	275	1.3332696	6.493071	2
ATCTT	355	1.3266166	5.0047455	8
ACTTT	355	1.3266166	8.341242	1
TTGTG	320	1.3207996	7.370392	4
GAGAT	300	1.305705	7.7719035	8
TTCAA	340	1.3047113	5.139258	8
ATGGC	265	1.3040057	6.590199	4
GTGGG	235	1.2772367	7.2789445	5
GTCCC	225	1.2664735	5.025592	1
TACCT	290	1.2581818	5.8104568	2
CTTGT	300	1.2527899	5.5927043	8
GCACA	245	1.2525301	6.84679	4
GCCAC	215	1.2427119	5.1606646	4
GGGAC	220	1.2422662	5.041568	15-19
ATGAG	285	1.2404196	5.8289275	5
TGCAT	285	1.2221379	5.743019	6
TTTTG	335	1.2049623	6.4229164	3
TCAGA	270	1.1889335	5.897374	7
AATGT	310	1.1757829	6.772814	3
AAGGG	235	1.1736805	6.688781	8
CTGAC	235	1.1699616	6.667586	2
TGTCT	280	1.1692705	5.5927043	5
TGAAC	260	1.1448989	5.897374	5
TTTAA	345	1.1403186	5.902157	2
AACTT	295	1.1320289	6.852344	8
ACCAC	215	1.112066	6.927189	2
AAGTG	250	1.0880874	5.8289275	3
AAAGT	275	1.071067	5.216135	4
TTCAC	245	1.0629468	7.747277	3
CTTTA	280	1.0463455	5.0047455	5
CCATG	210	1.0454974	8.890114	4
CACTC	205	1.0325892	6.7458806	1
AGTCT	240	1.0291688	5.743019	1
GTAAG	230	1.0010405	5.8289275	2
GGTTT	240	0.99059975	5.527795	3
AAGTA	250	0.9736971	5.216134	5
GGGAT	200	0.9727331	6.513712	7
GAATT	255	0.9671763	5.0796103	6
ACTCA	215	0.9578605	5.9666247	8
GTCAG	180	0.8857398	6.5901995	3
GGCAC	155	0.88551044	5.1007686	5
GCACC	150	0.8670084	5.160665	7
ATTCA	220	0.844225	6.852344	2
ATTAT	255	0.84284437	5.902158	6
ACATA	210	0.8275099	5.277385	7
GCTTA	190	0.8147586	5.743019	7
AGTAA	205	0.79843163	5.216134	6
GGCGC	125	0.7980165	5.7000084	9
TAAGA	200	0.7789578	5.216135	6
TATGA	205	0.7775339	5.0796103	2
TAACA	185	0.7289969	7.0365143	4
ATAGG	165	0.7181378	5.8289285	5
CGAGG	110	0.6211331	7.5623517	4
GTAAC	135	0.59446675	5.897374	6
GAGTA	125	0.5440437	5.8289275	3
GCTAA	110	0.4843803	5.897374	8
GACGC	75	0.4284728	5.100769	7
ACGGC	65	0.3713431	5.100769	6
>>END_MODULE
