##FastQC	0.10.0
>>Basic Statistics	pass
#Measure	Value	
Filename	sample_a_2_sequence.fastq	
File type	Conventional base calls	
Encoding	Illumina 1.5	
Total Sequences	2500	
Filtered Sequences	0	
Sequence length	100	
%GC	46	
>>END_MODULE
>>Per base sequence quality	pass
#Base	Mean	Median	Lower Quartile	Upper Quartile	10th Percentile	90th Percentile
1	29.5972	31.0	31.0	34.0	25.0	34.0
2	30.6416	31.0	31.0	34.0	26.0	34.0
3	31.2292	33.0	31.0	34.0	27.0	34.0
4	35.3412	37.0	35.0	37.0	33.0	37.0
5	35.0092	37.0	35.0	37.0	32.0	37.0
6	35.3144	37.0	35.0	37.0	32.0	37.0
7	35.0564	37.0	35.0	37.0	32.0	37.0
8	34.6048	37.0	35.0	37.0	30.0	37.0
9	36.6484	39.0	37.0	39.0	32.0	39.0
10-14	35.98608	38.8	36.0	39.4	29.6	39.4
15-19	37.4796	40.0	37.0	41.0	31.4	41.0
20-24	36.5116	39.6	36.4	41.0	29.0	41.0
25-29	36.62952	40.0	36.4	41.0	28.2	41.0
30-34	37.39224	40.0	37.0	41.0	31.2	41.0
35-39	36.64304	39.6	36.2	41.0	29.4	41.0
40-44	36.403360000000006	39.0	35.6	41.0	28.8	41.0
45-49	34.274	38.4	33.6	40.6	17.6	41.0
50-54	33.306400000000004	37.6	32.4	39.6	15.4	40.6
55-59	34.83615999999999	38.0	34.0	40.0	25.2	41.0
60-64	33.96408	37.2	32.8	40.0	23.6	41.0
65-69	33.419599999999996	35.8	32.2	39.2	23.6	41.0
70-74	30.888239999999996	35.0	29.6	37.8	7.6	40.2
75-79	31.082720000000002	35.0	30.4	36.4	14.4	39.0
80-84	30.476480000000002	34.0	30.0	35.2	16.8	37.0
85-89	29.88408	34.0	29.6	35.0	11.8	36.0
90-94	29.48968	34.0	30.0	35.0	5.0	35.2
95-99	28.0148	33.8	28.6	35.0	2.0	35.0
100	23.5736	29.0	18.0	33.0	2.0	34.0
>>END_MODULE
>>Per sequence quality scores	pass
#Quality	Count
2	5.0
3	2.0
4	2.0
5	4.0
6	1.0
7	4.0
8	3.0
9	12.0
10	12.0
11	10.0
12	14.0
13	9.0
14	5.0
15	6.0
16	7.0
17	9.0
18	10.0
19	10.0
20	16.0
21	16.0
22	30.0
23	30.0
24	23.0
25	39.0
26	47.0
27	40.0
28	70.0
29	66.0
30	78.0
31	73.0
32	80.0
33	121.0
34	141.0
35	203.0
36	310.0
37	457.0
38	448.0
39	87.0
>>END_MODULE
>>Per base sequence content	pass
#Base	G	A	T	C
1	19.445628997867804	27.974413646055435	28.486140724946697	24.093816631130064
2	22.195512820512818	28.60576923076923	26.442307692307693	22.756410256410255
3	22.426912294753702	27.472967561073286	27.873448137765315	22.22667200640769
4	21.57726180944756	25.86068855084067	28.98318654923939	23.578863090472378
5	23.027633159791748	28.47416900280336	26.191429715658792	22.306768121746096
6	22.426912294753702	27.152583099719664	26.111333600320386	24.30917100520625
7	22.975140336808337	27.78668805132318	26.343223736968724	22.89494787489976
8	22.898318654923937	28.34267413931145	27.66212970376301	21.0968775020016
9	22.516025641025642	27.44391025641026	27.323717948717945	22.716346153846153
10-14	22.269859246076688	26.54101278110338	27.57644394110985	23.612684031710078
15-19	22.476770265940406	26.057353412367828	27.843639859019547	23.62223646267222
20-24	22.835613072323696	26.505037267589483	27.11114751412892	23.5482021459579
25-29	22.015679301705326	26.28303564212398	27.859047926937684	23.842237129233006
30-34	22.64241647303902	25.991507090777983	27.193333867478568	24.17274256870443
35-39	22.991556091676717	26.35303578608766	26.69883393646964	23.956574185765984
40-44	22.976018026718172	27.056172541445356	25.9616932238854	24.00611620795107
45-49	23.54019158683882	26.26405664306539	26.23073719283632	23.965014577259474
50-54	23.4321503131524	26.17118997912317	26.24634655532359	24.150313152400834
55-59	22.74344872209641	26.334519572953734	26.73891944354578	24.183112261404077
60-64	23.44609906118485	25.809323405632888	26.723858853998056	24.020718679184203
65-69	23.71481273558425	26.072660197289277	26.377415991659316	23.835111075467157
70-74	23.26194118646949	27.010028896821346	26.058133605303418	23.669896311405743
75-79	24.227471282963922	25.723992881410773	26.128458178288305	23.920077657337
80-84	23.602982442074882	26.30481840776076	26.681632325823777	23.410566824340577
85-89	23.433483290488432	26.437982005141386	26.50224935732648	23.6262853470437
90-94	23.92018591233272	25.835403477842778	26.64476320217966	23.599647407644845
95-99	23.77285851780558	26.732435033686237	25.697786333012512	23.796920115495666
100	24.08817635270541	25.771543086172343	26.492985971943888	23.647294589178355
>>END_MODULE
>>Per base GC content	pass
#Base	%GC
1	43.53944562899787
2	44.95192307692308
3	44.653584301161395
4	45.15612489991994
5	45.33440128153784
6	46.73608329995995
7	45.8700882117081
8	43.995196156925545
9	45.232371794871796
10-14	45.882543277786766
15-19	46.09900672861262
20-24	46.38381521828159
25-29	45.85791643093833
30-34	46.81515904174345
35-39	46.9481302774427
40-44	46.982134234669246
45-49	47.50520616409829
50-54	47.58246346555324
55-59	46.92656098350049
60-64	47.46681774036905
65-69	47.54992381105141
70-74	46.931837497875236
75-79	48.14754894030092
80-84	47.01354926641545
85-89	47.05976863753214
90-94	47.519833319977565
95-99	47.569778633301254
100	47.73547094188377
>>END_MODULE
>>Per sequence GC content	warn
#GC Content	Count
0	2.0
1	1.0
2	0.0
3	0.0
4	0.0
5	0.0
6	0.0
7	0.5
8	0.5
9	0.0
10	0.5
11	0.5
12	0.0
13	0.0
14	0.0
15	1.0
16	1.0
17	0.5
18	1.0
19	3.0
20	4.5
21	5.0
22	7.0
23	8.5
24	9.5
25	14.0
26	15.0
27	16.0
28	21.5
29	29.0
30	39.0
31	44.5
32	46.5
33	47.5
34	46.0
35	51.0
36	61.0
37	68.0
38	67.5
39	72.0
40	76.0
41	80.0
42	80.0
43	69.5
44	68.5
45	75.0
46	82.0
47	84.5
48	84.5
49	82.5
50	84.0
51	81.5
52	76.5
53	72.5
54	77.5
55	75.0
56	58.0
57	55.5
58	58.0
59	50.5
60	43.0
61	44.5
62	47.5
63	44.5
64	39.5
65	28.0
66	19.0
67	17.5
68	12.5
69	15.5
70	13.5
71	6.0
72	6.0
73	4.0
74	1.5
75	1.0
76	0.5
77	0.5
78	0.5
79	0.0
80	0.0
81	0.0
82	0.0
83	0.0
84	0.0
85	0.0
86	0.0
87	0.0
88	0.0
89	0.0
90	0.0
91	0.0
92	0.0
93	0.0
94	0.0
95	0.0
96	0.0
97	0.0
98	0.0
99	0.0
100	0.0
>>END_MODULE
>>Per base N content	warn
#Base	N-Count
1	6.2
2	0.16
3	0.12
4	0.08
5	0.12
6	0.12
7	0.24
8	0.08
9	0.16
10-14	1.1039999999999999
15-19	0.128
20-24	2.328
25-29	1.016
30-34	0.152
35-39	0.52
40-44	0.592
45-49	3.9600000000000004
50-54	4.2
55-59	1.088
60-64	1.1520000000000001
65-69	0.248
70-74	5.872
75-79	1.1039999999999999
80-84	0.216
85-89	0.416
90-94	0.168
95-99	0.256
100	0.2
>>END_MODULE
>>Sequence Length Distribution	pass
#Length	Count
100	2500.0
>>END_MODULE
>>Sequence Duplication Levels	pass
#Total Duplicate Percentage	0.08
#Duplication Level	Relative count
1	100.0
2	0.040032025620496396
3	0.0
4	0.0
5	0.0
6	0.0
7	0.0
8	0.0
9	0.0
10++	0.0
>>END_MODULE
>>Overrepresented sequences	pass
>>END_MODULE
>>Kmer Content	fail
#Sequence	Count	Obs/Exp Overall	Obs/Exp Max	Max Obs/Exp Position
AAAAA	1005	3.2313726	10.510983	2
TTTTT	1025	3.1240535	17.647472	9
CCTGG	565	3.1008024	8.147094	1
TTTCT	830	2.8674648	6.4536343	2
CTGGG	500	2.8658955	6.746167	95-96
CTGCC	500	2.627429	7.4976826	7
TTCTT	745	2.5738087	6.838106	1
GGCTG	445	2.550647	6.0442986	10-14
CCCTG	485	2.5486062	9.816243	4
CAGAA	600	2.533945	6.113274	9
GGGGC	370	2.5106268	5.3157005	20-24
CCAGG	450	2.4962234	5.8496046	10-14
CACAG	520	2.4628017	5.1493278	50-54
GCAGG	425	2.4622068	5.733521	1
GGAGG	405	2.4505033	5.8389797	9
AGGGG	405	2.4505033	5.8389797	9
CCAGC	450	2.3901148	9.921803	3
GGGAG	395	2.3899972	8.477073	2
CAGGC	430	2.38528	10.362277	2
GAGGG	390	2.359744	5.755395	7
CAGAG	475	2.3495483	5.0943117	80-84
CTCAG	500	2.3428843	6.6857004	7
CCCCA	460	2.3393726	11.875064	3
CTGGA	475	2.3245513	6.856321	6
CTGAG	475	2.3245513	6.856321	6
TTCTG	565	2.3107796	5.835474	8
GCCTG	420	2.3050213	5.1260166	4
CCCAG	425	2.2573307	7.4413524	4
TCCAG	480	2.2491689	6.5648746	2
TGGAG	440	2.2488623	7.292497	8
AGAGG	435	2.2472155	9.82789	8
AGAAA	595	2.240695	5.5904	1
CCTGC	420	2.2070403	7.6065702	9
ATTTT	710	2.1872492	8.790954	8
CCACC	430	2.1868048	7.256173	7
TCAGG	445	2.1777375	5.5632544	75-79
CTCTG	465	2.155701	8.66004	3
GGGCA	370	2.1435683	5.5107465	8
GAAGA	485	2.139205	12.359083	4
GCAGC	385	2.1356578	5.181139	5
GGAAG	400	2.0664048	9.650277	3
GGGGG	290	2.0551481	8.340879	95-96
GGGCC	315	2.0465684	6.429861	1
GAAGG	390	2.014745	5.112594	1
AGGGA	390	2.014745	7.2377086	3
GGCCA	360	1.9969786	7.7717085	4
ACCTG	425	1.9914516	10.941458	5
CACCT	440	1.9740983	8.381089	4
GGAGA	380	1.9630848	7.2377086	5
TGGGC	340	1.9488089	5.5312967	9
CTGGC	355	1.9482918	7.6890244	6
GCCCT	370	1.9442974	5.071047	9
AAGAA	515	1.9394251	5.27608	5
CAGCC	365	1.9386485	5.1255784	9
GAGGA	375	1.9372548	7.2377086	4
GGGGA	320	1.9362003	5.651382	2
TCCTG	415	1.9239053	6.6145706	8
TGGCC	350	1.920851	7.944262	9
TCCCC	380	1.9119648	11.748723	2
CTCCT	430	1.9087073	6.589432	1
TTTCA	545	1.9031008	5.1837296	1
TGAGG	370	1.8910887	5.0582	1
AGCTG	385	1.88411	5.7598643	95-96
CCCCC	330	1.8820696	5.3269186	2
ACAGA	445	1.8793427	7.8891516	5
GGGAA	360	1.8597646	9.650278	4
TGGGG	310	1.8557382	5.9243517	1
TCTGC	400	1.8543662	6.4950294	4
CTTTC	470	1.8405315	5.486445	5
TTTTG	510	1.8401572	5.356262	1
TGGGA	360	1.8399782	7.587301	1
CCACA	405	1.8366078	6.353412	6
GTGGG	305	1.825807	5.5912557	3
GAGGC	315	1.8249297	8.116732	6
TCTTC	465	1.8209513	5.486445	3
CTTCC	410	1.81993	6.2189407	4
TCTCT	460	1.8013712	9.144075	2
TTTCC	460	1.8013712	5.486445	6
TCTCC	405	1.7977357	6.2189407	6
CACCA	395	1.7912595	6.4703455	8
AAAAG	475	1.7887902	7.1642485	8
CTTCA	450	1.7811612	7.8344145	1
TTCCC	400	1.7755414	6.2189407	3
TGATG	410	1.7701249	6.0487504	3
TGGTG	350	1.7698357	7.0845213	3
GGAGC	305	1.7669954	5.590778	9
AAAAT	555	1.765504	6.2963886	1
TTCTC	450	1.762211	5.486445	3
CCTGA	375	1.7571632	6.5648746	6
GGGCT	305	1.7481962	5.452117	8
CCTGT	375	1.7384684	6.49503	6
GGTGG	290	1.7360132	8.541244	7
AAAGA	460	1.7323021	5.3731866	7
CCTTC	390	1.731153	6.2189417	5
CTCTC	390	1.731153	6.589432	1
CCAGA	365	1.7286973	6.6354704	5
AGCCA	365	1.7286973	6.8557353	9
GCCAC	325	1.726194	7.4413524	5
TCCCA	380	1.7049032	6.285817	5
TTCCT	435	1.7034706	5.587422	7
CCATC	375	1.6824703	6.285817	5
TCCTT	425	1.6643106	5.486445	2
AAGGA	375	1.6540245	6.1795416	3
CTGAA	395	1.6504326	5.961654	7
AGATG	375	1.636427	8.637363	1
GAGCC	295	1.6364131	7.9147463	8
CCCCT	325	1.635233	7.0492334	3
CCAAG	345	1.6339743	6.8557353	9
TGTGT	380	1.623149	6.09454	7
ACCAG	340	1.6102934	6.855735	9
TCAGA	385	1.6086494	5.9616537	8
AAATA	505	1.6064496	7.427969	6
TGCCC	305	1.6027317	7.4976826	8
GGCCT	290	1.5915623	5.2203603	8
AGGCA	320	1.5828538	7.0575976	7
GAGAG	305	1.5756338	7.237708	4
GGGTG	260	1.5564256	5.5912557	6
TGAAA	415	1.5462105	5.31602	8
ACTGG	315	1.5415446	6.8563204	5
AAACA	425	1.5324633	5.3527656	1
AATAA	480	1.5269225	6.0517445	7
GCCTC	290	1.5239089	5.071047	9
GATGA	345	1.5055128	6.1137967	2
TCCAC	335	1.5030068	6.494475	9
GGTGC	260	1.4902656	8.030376	4
GTTTT	410	1.479342	5.0551066	6
AGGCC	265	1.4699982	5.181139	3
GGTGA	285	1.4566494	5.0582004	1
AGTGG	285	1.4566494	7.398405	9
CCCAT	320	1.435708	6.2858176	4
ATAAA	450	1.4314898	6.0517445	8
CTGGT	295	1.4283092	9.0445	2
AAGAT	380	1.4158072	5.2199473	5
CAGAT	335	1.3997339	5.853913	6
CATTT	400	1.3967712	6.64309	7
AGCAA	330	1.3936698	6.025763	8
TCTTG	340	1.3905576	5.835474	8
CAAAA	385	1.3882313	5.352765	1
TTTAA	445	1.3856232	5.816603	2
CCATG	295	1.3823017	10.941458	5
GTGGA	270	1.3799837	7.160705	5
GCCCC	230	1.3699801	5.894843	1
GGCAA	275	1.3602649	7.0575976	8
ATGAA	365	1.3599203	6.959931	5
GTGGC	235	1.3469708	5.452117	8
CATCT	340	1.3457663	5.5454445	6
CTGTT	315	1.288311	5.7764125	95-96
TCTCA	325	1.2863942	5.545444	6
CAAGG	260	1.2860686	9.240067	2
GCAGT	260	1.272386	6.8563204	4
GAACA	300	1.2669725	6.025763	8
AACAT	350	1.2486016	6.664079	5
GGCAC	225	1.2481117	5.181139	5
TCCAA	310	1.2402171	5.6050773	5
GACAG	250	1.2366045	6.930051	2
ACCAT	305	1.2202135	7.4734364	4
ATGTT	330	1.2034941	5.109467	5
GGAGT	235	1.2010969	5.0582004	1
ATGAG	275	1.2000464	6.1137967	3
CATGA	285	1.1908184	7.805217	2
GGCGG	175	1.1874586	5.324668	40-44
AGAAC	280	1.1825078	6.025763	7
GAAAT	315	1.1736298	5.2199473	2
CCAAA	290	1.1726795	9.442254	6
GGGGT	195	1.1673192	5.5912557	5
ACATT	330	1.1647279	6.593179	6
TGCAC	245	1.1480132	6.5648746	6
GCACC	210	1.115387	5.0522065	7
GTCCC	210	1.1035202	5.071047	9
GCAAA	260	1.098043	6.113274	9
GATTT	300	1.0940855	5.2035065	7
TCATC	275	1.0884874	5.729525	9
TCACA	270	1.0801891	5.708238	8
GGTCC	195	1.0701884	5.2203603	8
ACAAG	250	1.0558103	6.2693567	1
GGGAT	205	1.0477654	5.0582004	1
GACCA	220	1.0419545	6.6354704	5
AAAAC	285	1.0276517	6.735742	3
AAGAC	240	1.013578	8.034351	8
AACAC	250	1.0109304	5.853413	9
TTGTG	235	1.0037895	6.3409147	1
CTTTA	285	0.9951995	5.1837296	1
GGATT	225	0.97141004	8.065001	4
GCACT	205	0.9605825	6.5648746	6
GGGTC	165	0.94574547	5.452117	7
ACTGT	225	0.9301178	5.9838862	9
CAACT	230	0.92016107	5.708238	8
GTTGG	180	0.91020125	5.004385	1
AATCC	225	0.90015763	5.6050777	3
AAGTT	240	0.8846806	5.259463	8
CACAT	220	0.880154	5.7911377	9
TACAG	210	0.87744516	5.8539133	4
GATCC	185	0.86686724	6.564875	4
GCCGC	135	0.83981735	5.917331	8
GGCCG	125	0.81213033	9.270044	7
TATTC	230	0.8031435	5.054675	9
TTATG	205	0.7476251	5.109467	4
CCACG	140	0.7435913	5.0522065	8
TATGT	195	0.7111556	5.109467	2
TACCC	155	0.69542116	6.494476	9
CGGCC	105	0.65319127	5.8103914	6
GACGG	110	0.63727707	5.4111547	2
TGGCG	105	0.60183805	5.452117	8
GCCCG	95	0.59098256	6.003268	9
CCGGC	85	0.52877384	5.810392	5
CGTGC	90	0.4939331	5.296175	9
CGTGG	85	0.48720223	5.353585	2
CCGAC	90	0.47802296	5.125579	9
CCGTG	85	0.46649238	5.2203603	8
TCCGG	75	0.41161093	5.1260166	4
GCGCA	55	0.30509397	5.2764974	7
>>END_MODULE
