##FastQC	0.10.0
>>Basic Statistics	pass
#Measure	Value	
Filename	vhir_sample_b_sure_1e6.fastq	
File type	Conventional base calls	
Encoding	Illumina 1.5	
Total Sequences	250000	
Filtered Sequences	0	
Sequence length	96	
%GC	42	
>>END_MODULE
>>Per base sequence quality	fail
#Base	Mean	Median	Lower Quartile	Upper Quartile	10th Percentile	90th Percentile
1	36.598496	39.0	37.0	39.0	32.0	39.0
2	36.564516	39.0	37.0	39.0	31.0	39.0
3	36.503912	39.0	36.0	39.0	31.0	39.0
4	36.45668	39.0	36.0	39.0	31.0	39.0
5	36.306332	39.0	36.0	39.0	30.0	39.0
6	36.293524	39.0	36.0	39.0	30.0	39.0
7	35.980268	39.0	36.0	39.0	30.0	39.0
8	35.931176	39.0	36.0	39.0	30.0	39.0
9	35.855824	39.0	35.0	39.0	29.0	39.0
10-14	35.784708	38.8	35.2	39.0	29.0	39.0
15-19	35.625876	38.6	35.0	39.0	29.0	39.0
20-24	35.0440344	38.0	35.0	39.0	27.4	39.0
25-29	34.3709144	38.0	34.4	39.0	25.2	39.0
30-34	33.8547816	37.2	33.8	39.0	22.8	39.0
35-39	33.4279824	37.0	33.2	39.0	21.6	39.0
40-44	32.8155136	37.0	32.6	39.0	19.6	39.0
45-49	31.647894400000002	36.2	30.6	39.0	11.6	39.0
50-54	30.5700424	36.0	29.4	38.4	2.0	39.0
55-59	29.982768	35.0	28.0	37.0	2.0	39.0
60-64	29.3700808	35.0	27.2	37.0	2.0	39.0
65-69	28.248938399999997	34.0	25.2	36.8	2.0	38.6
70-74	27.835995200000003	34.2	24.2	36.6	2.0	38.0
75-79	27.9945936	34.6	24.8	37.4	2.0	38.6
80-84	26.8188128	34.2	18.8	37.0	2.0	38.6
85-89	24.8445072	32.6	4.0	36.6	2.0	38.0
90-94	22.359416	30.4	2.0	35.8	2.0	37.6
95-96	20.858876000000002	28.5	2.0	35.0	2.0	37.0
>>END_MODULE
>>Per sequence quality scores	pass
#Quality	Count
2	1456.0
3	652.0
4	557.0
5	862.0
6	1206.0
7	1773.0
8	2576.0
9	1448.0
10	1563.0
11	1937.0
12	2276.0
13	2053.0
14	2308.0
15	2325.0
16	2176.0
17	2303.0
18	2184.0
19	2312.0
20	2578.0
21	2952.0
22	3398.0
23	3825.0
24	4378.0
25	4877.0
26	5121.0
27	5560.0
28	6319.0
29	7606.0
30	7922.0
31	8521.0
32	9863.0
33	11384.0
34	14170.0
35	19139.0
36	29039.0
37	51938.0
38	19443.0
>>END_MODULE
>>Per base sequence content	warn
#Base	G	A	T	C
1	17.167199999999998	30.447999999999997	29.2688	23.116
2	20.511137613357132	29.42483011437765	29.96590281501877	20.098129457246454
3	19.6024	29.5168	29.6304	21.2504
4	20.5436	28.79	29.918	20.7484
5	20.4376	29.5944	29.4788	20.4892
6	20.382	28.9204	29.810399999999998	20.8872
7	20.5096	29.2168	29.3852	20.888399999999997
8	20.4676	28.8952	29.8448	20.7924
9	20.4012	28.7404	30.2288	20.6296
10-14	20.335888806133134	29.322550374120897	29.560630945514273	20.7809298742317
15-19	20.52224	28.81392	29.673119999999997	20.99072
20-24	20.657600000000002	28.90832	29.229680000000002	21.2044
25-29	20.882383602670394	28.947302494462274	29.124202676372875	21.04611122649446
30-34	21.064153262653953	28.680462893325892	29.005151346062092	21.25023249795806
35-39	21.07437024037507	28.73108159174027	28.85717762648033	21.337370541404333
40-44	21.002597202962924	28.70765934688832	29.02998792668906	21.25975552345969
45-49	21.208967591656172	28.75694068366142	28.954476944859493	21.07961477982292
50-54	21.127643720602226	28.60507354849011	28.734224164887003	21.533058566020664
55-59	21.22969591585733	28.550584450961907	28.946715949981566	21.273003683199196
60-64	21.363673649390023	28.734314049559927	28.669665721035965	21.232346580014084
65-69	21.279313894765853	29.172604427583636	28.435592519637172	21.112489158013343
70-74	21.414865626610112	28.978184008928615	28.41796512219507	21.1889852422662
75-79	21.444732279449262	28.876124426313105	28.360632330443654	21.318510963793983
80-84	21.542411049638485	28.843897749466983	28.30484694191699	21.308844258977544
85-89	21.65249531131536	28.723680185153167	28.238434577885368	21.385389925646106
90-94	21.692522963471752	28.57320515132872	28.176733697849883	21.557538187349646
95-96	22.024101607864306	28.465577309975952	27.942571601485188	21.56774948067455
>>END_MODULE
>>Per base GC content	pass
#Base	%GC
1	40.2832
2	40.609267070603586
3	40.8528
4	41.292
5	40.9268
6	41.2692
7	41.398
8	41.260000000000005
9	41.0308
10-14	41.11681868036483
15-19	41.51296
20-24	41.862
25-29	41.928494829164855
30-34	42.31438576061202
35-39	42.41174078177941
40-44	42.26235272642262
45-49	42.288582371479094
50-54	42.66070228662289
55-59	42.50269959905653
60-64	42.59602022940411
65-69	42.391803052779196
70-74	42.603850868876314
75-79	42.763243243243245
80-84	42.851255308616025
85-89	43.037885236961465
90-94	43.250061150821395
95-96	43.59185108853886
>>END_MODULE
>>Per sequence GC content	pass
#GC Content	Count
0	0.0
1	0.0
2	1.0
3	1.0
4	1.0
5	6.0
6	16.0
7	34.5
8	54.0
9	83.5
10	123.0
11	160.0
12	216.5
13	255.0
14	280.5
15	342.5
16	424.5
17	520.5
18	652.0
19	797.5
20	987.0
21	1259.0
22	1597.5
23	2016.0
24	2498.5
25	2752.0
26	2956.0
27	3556.0
28	4304.0
29	4966.5
30	5621.5
31	6326.0
32	7098.0
33	7777.5
34	8287.5
35	8813.5
36	9411.0
37	9688.0
38	9751.5
39	9910.5
40	9828.5
41	9734.0
42	9472.5
43	9040.0
44	8704.0
45	8301.0
46	7931.0
47	7546.5
48	7176.5
49	6689.5
50	6366.0
51	6084.5
52	5627.5
53	5267.0
54	4825.0
55	4416.0
56	4055.5
57	3686.0
58	3274.5
59	2907.5
60	2583.5
61	2295.0
62	2003.0
63	1633.0
64	1331.5
65	1076.5
66	855.5
67	684.0
68	568.0
69	430.5
70	304.5
71	227.0
72	165.5
73	117.0
74	87.5
75	81.0
76	68.5
77	53.5
78	43.5
79	28.0
80	20.0
81	16.0
82	12.5
83	10.0
84	6.0
85	6.0
86	5.0
87	2.5
88	1.5
89	1.0
90	0.5
91	0.5
92	1.0
93	0.5
94	0.0
95	0.0
96	0.0
97	0.0
98	0.0
99	0.0
100	0.0
>>END_MODULE
>>Per base N content	pass
#Base	N-Count
1	0.0
2	0.0504
3	0.0
4	0.0
5	0.0
6	0.0
7	0.0
8	0.0
9	0.0
10-14	2.3999999999999998E-4
15-19	0.0
20-24	0.0
25-29	1.0063199999999999
30-34	1.0744
35-39	0.07615999999999999
40-44	0.07712
45-49	1.91168
50-54	3.80224
55-59	1.9113600000000002
60-64	1.4978399999999998
65-69	1.3096
70-74	0.93872
75-79	1.95
80-84	2.55464
85-89	3.76832
90-94	2.86312
95-96	2.1808
>>END_MODULE
>>Sequence Length Distribution	pass
#Length	Count
96	250000.0
>>END_MODULE
>>Sequence Duplication Levels	pass
#Total Duplicate Percentage	3.641190415548277
#Duplication Level	Relative count
1	100.0
2	1.6143953642047477
3	0.03253189650790424
4	0.0025415544146800183
5	0.0010166217658720074
6	0.001524932648808011
7	5.083108829360037E-4
8	0.0010166217658720074
9	5.083108829360037E-4
10++	0.00813297412697606
>>END_MODULE
>>Overrepresented sequences	warn
#Sequence	Count	Percentage	Possible Source
CAAGATCGGAAGAGCGGTTCAGCAGGAATGCCGAGACCGATCTCGTATGC	660	0.264	Illumina Paired End PCR Primer 2 (100% over 48bp)
>>END_MODULE
>>Kmer Content	warn
#Sequence	Count	Obs/Exp Overall	Obs/Exp Max	Max Obs/Exp Position
GGGGG	25520	2.720346	5.1939225	85-89
GGAAG	41980	2.3954759	8.574825	8
GAAGA	51665	2.156993	6.9708495	9
CAAGA	38990	1.6155527	5.555696	1
AGATC	27715	1.1452211	5.743124	3
CGGAA	12375	0.700826	7.1300435	7
TCGGA	11055	0.6243531	6.830136	6
GATCG	10480	0.5918789	6.957564	4
ATCGG	10015	0.56561697	6.8046494	5
>>END_MODULE
